20110824,29332.689095,6729.19652711,-0.921087925788,348.355705469,0.115043193891,
20110828,10063.2927573,7069.15491662,-0.916434882559,49.3869223935,0.170645811739,
20110904,8.07793566946e-28,1666.82737923,-0.758610241981,0.0716892861206,1.19312008042,
20110907,8066.38774524,320.728421881,0.0352961161839,3735.4307251,-1.01860400425,
20110911,3059.93796161,114.633663624,0.0526270829653,1072.39707006,-0.739690720438,
20110915,15422.1326779,127.050673607,0.103194712137,4935.57017363,-1.05811358971,
20110918,5324.42118988,298.116375748,-0.0197019980998,4011.63297206,-1.04545114856,
20110922,58789.2459816,321.96713582,0.0180583293242,4013.73653429,-1.17446436167,
20110925,2534.44482014,544.042329655,-0.0681629372133,1238.03101693,-1.13445723252,
20110929,6947.36479982,261.305653055,0.0783827958365,3608.31553931,-0.980006541485,
20111002,18587.1448872,798.135664421,-0.02207899214,4526.96038287,-0.972205395589,
20111006,1209.79280544,701.620589622,-0.71652862289,50.2282446234,0.192235555869,
20111009,640.625756519,86.7466834168,-0.0129858469753,860.50664252,-0.834503247512,
20111013,2853.83135505,79.6510708873,0.104074867621,1200.52406526,-0.72687735748,
20111016,4877.77430922,2559.35300293,-0.939409664335,60.8198101319,0.214397318468,
20111020,59419.8759643,11428.8195883,-1.0338883127,1143.6812366,0.00493639927781,
20111023,13938.4183823,127.01925988,0.189761882528,2566.7429703,-0.819981116071,
20111027,3629.3576631,351.281524931,-0.0363466317845,1188.67756581,-1.17338582278,
20111030,597.859518796,1319.21163452,-0.729911303202,23.3835181695,0.308259732081,
20111103,18465.5095281,127.682134096,0.0569008678701,2208.49029135,-1.00921338516,
20111106,6938.79697605,1747.01989083,-0.904455790342,224.378043512,0.0534004676291,
20111110,984.794254365,1561.39774739,-0.852677676504,165.630963107,0.0340143636744,
20111113,2263.26806682,524.149848718,-0.0591694818022,2272.53992501,-1.07281384817,
20111118,14768.7506734,511.440520654,0.0576096779225,4873.83822745,-0.826914573526,
20111122,1362.8362243,386.82440749,-0.0760626344969,761.30700109,-1.04741530423,
20111127,2742.53554531,2072.77959568,-1.03359122992,373.089855054,0.0131569767224,
20111201,3745.82629966,121.68078184,0.0494742338583,1915.00838414,-0.90648018185,
20111204,6066.92185756,59.0085252859,0.192022885307,3097.90346345,-0.957272239073,
20111208,67686.1402343,230.719410527,0.0485556222636,8771.25586824,-1.03282954928,
20111211,721.275219505,1535.79667476,-1.08320229037,277.606982569,-0.0606930411317,
20111215,12414.3417702,4315.24997084,-0.92962297904,9.29196816574,0.565292191062,
20111218,8.07793566946e-28,997.921501717,-0.788261898456,34.9834528451,0.322417045373,
20111222,1.81753552563e-27,1900.93928029,-0.440376841979,213.60240149,-221.330344488,
20120111,17142.4421919,136.856403611,0.105352874837,2470.82969756,-0.924339881508,
20120115,4602.71243761,154.861096427,0.0645316908788,1158.3763679,-0.846302026606,
20120119,11617.5840463,3065.65113272,-0.870836078717,222.790816338,0.0484123555548,
20120122,1322.37415951,1250.59629312,-0.525188241492,58.5491764088,0.30277749204,
20120126,7411.95059682,286.572121069,-0.0289850540918,1327.19774775,-0.903437837111,
20120129,2870.74685617,339.646822806,-0.0399593674086,2684.19055915,-1.06439499246,
20120202,10954.0270951,1744.35925705,-0.931717905445,140.340254436,0.0195024155658,
20120209,963.663988715,-834012.591853,-67.0368362967,953.329379632,-1.08659577188,
20120212,3461.54484005,763.394803151,-1.01835206011,78.4690216129,-0.0417569705768,
20120216,9106.0410344,1001.42197668,-0.862634348305,6304.64098615,-6225.2289138,
20120219,553.930511532,993.331881097,-0.884081678459,32.9459922815,0.0437211061167,
20120223,159.151746813,4.14629355284e+21,-16.5587689945,254.101665715,-0.0964884757824,
20120302,2119.22029998,277.187842256,-0.103497459126,851.973033228,-1.33794199422,
20120304,4277.33621533,332.483854582,-0.036715837395,1396.39514885,-1.00397074239,
20120308,11850.67321,961.671872218,-1.06171820332,480.483855838,-0.0915297899483,
20120311,3716.38595381,1903.30551111,-1.00768973786,322.157797399,-0.0413988019038,
20120315,3567.30060033,1571.44130447,-0.81279950991,346.644781588,0.0364896130752,
20120318,1388.96643788,24.4777092531,0.494912643515,1045.90652874,-0.378905923442,
20120322,0.0,2731.71781464,-1.21585516034,896.245701945,-0.0678478559626,
20120325,7842.74396294,788.140350501,0.0114681061584,6157.96410051,-1.10040799531,
20120329,9775.44220459,485.331532291,0.0419088760474,3231.94640013,-0.943975089633,
20120401,3.23117426779e-27,880.399188885,-1.13666346936,502.115803281,-0.0563499902376,
20120405,16731.7837031,960.760929325,-0.423656795269,6012530.19905,-88.4464251314,
20120408,224.651117031,709.614052503,-1.30975252686,800.411818326,-0.186080275858,
20120412,16212.0812557,3584.27855265,-1.0770652188,230.103947824,-0.00341520015227,
20120415,3348.3888814,1061.91362315,-4.25431494037,1572.43511261,-0.313625130986,
20120419,16089.7341046,1171.85992738,-0.702552424282,39.5521968368,0.31896146497,
20120422,5832.88472304,525.10087779,-0.0433506175765,2584.47439372,-1.16323551702,
20120426,59280.8470278,41.2380551311,0.406166411177,2709.59084383,-0.866043180348,
20120429,15462.1773197,2150.40232354,-0.772854002516,129.133931829,0.239361597247,
20120503,3832.36194092,337.988282267,-0.00846956979836,1409.20938674,-0.928777129348,
20120506,6371.25036096,211.286458059,0.0695977947642,2112.73518677,-0.902178167677,
20120510,15781.498456,547.964894513,0.040133114053,2410.92464386,-0.824750788205,
20120517,2191.11571546,625.613128942,-0.114987785015,663.784265351,-1.70550633956,
20120520,1.61558713389e-27,0.492575553147,0.798415771023,787.139460554,-0.515602072497,
20120524,10516.613355,384.208457468,-0.000754321214017,1535.39059986,-1.09551993153,
20120527,1058.2359049,1252.13584857,-0.629441545841,3.17957431583e-07,3.94818693236,
20120531,0.0,887.69084546,-0.263775816801,10677.4376777,-25.1765575803,
20120603,11495.5381225,387.349232064,-0.0141371789376,1157.28899273,-0.819996713146,
20120607,9062.18794637,2376.24413901,-0.820310462328,563.64928301,0.0602257017393,
20120623,14703.9630814,2672.1818806,-1.04225212065,522.670962887,-0.0365679266066,
20120627,14892.5579564,1513.84863678,-0.0486251836626,2030.47280896,-1.21756422189,
20120701,4298.48485387,2392.54166515,-1.33670324959,852.687805164,-0.0866853163314,
20120704,21722.9834874,877.856452553,-0.0760263973147,1303.79388551,-1.14335792565,
20120708,5450.9707917,1130.76263317,-0.940827841072,181.397839041,0.0309858417785,
20120711,3557.29217775,864.295277761,-0.0743572091089,2952.70923053,-1.1814123801,
20120715,18316.808559,170.215344621,0.14847924639,2525.25151487,-0.801562778384,
20120718,4837.34514709,2395.57908448,-1.03469719547,684.405591387,-0.0190190189619,
20120722,33179.3180151,5120.94599156,-0.968248061777,453.967495029,0.114432673162,
20120725,6248.65116775,3106.64120918,-1.04462945321,479.866578789,0.0244103821877,
20120729,8278.46330998,45.383214347,0.165830772674,805.665815454,-0.899639448772,
20120801,775.229879854,224.103469754,-0.0734659383705,864.97901766,-1.17019294716,
20120808,8170.97903551,142.408174875,0.112473295743,1851.64636828,-0.900738942964,
20120812,18844.8176842,328.902390603,0.0353450648561,3420.69411429,-1.06792743157,
20120815,9902.40506555,1618.97779984,-0.903569623641,196.830709255,0.115354202637,
20120822,18982.3715227,215.38657643,0.100563693634,1985.2400518,-0.943562519768,
20120905,4833.87930829,390.70287288,0.0234632198825,1678.54844715,-0.941879308968,
20120920,7348.10954735,169.76097227,0.12582554139,2932.29304947,-0.895176465959,
20120924,144031.206072,901.174607783,0.114251804267,4678.72578951,-0.780112775105,
20120928,3933.41583389,708.1067939,-0.035093911202,3202.2380138,-0.966324898488,
20121001,35776.6988536,844.620421348,0.0137202348293,5374.5320539,-1.02342468198,
20121005,16429.8472227,3947.67806978,-1.11743637753,1025.68147259,-0.0569675931736,
20121008,6254.16226703,972.613760894,-0.0552469362336,2628.22541012,-1.161005024,
20121016,4725.59492214,274.522986567,-0.0627863938704,447.142047607,-1.23356878627,
20121019,80251.0681823,739.053349229,-0.026827493838,6332.00057342,-1.04881283709,
20121022,462.281189094,491.307433857,-0.0323540262542,1754.40837507,-1.13145344893,
20121026,9273.38297948,3074.42313274,-1.0814844331,622.328029269,-0.0662448008817,
20121029,41025.1246304,3461.20342331,-0.0682576988161,14684.7589555,-1.32112118768,
20121102,23569.7355149,733.659275306,-0.0653927456733,2423.51970906,-1.34427152413,
20121105,275940.189051,1329.84084924,-0.0524632969645,10075.9987146,-1.15396990054,
20121109,7657.48477548,1443.82566901,-0.0246862345947,5343.61565949,-0.999458162795,
20121112,87712.2847703,1027.6737482,-0.0525436350805,8490.9887475,-1.04167250336,
20121116,177364.129451,11087.3017974,-1.04552233939,861.442396509,-0.0416046333437,
20121120,42247.3138946,595.898843346,0.0122895465323,6355.50149486,-0.968415362624,
20121124,110197.334832,1581.68155219,-0.0200844123154,8721.6503798,-1.07614867778,
20121127,162159.789979,749.219600759,0.0435011600139,15001.5629943,-1.06878448359,
20121130,31579.7986917,2386.50956833,-1.11363077774,1193.28569557,-0.0464919272006,
20121204,18236.8189901,583.161315991,0.015485783755,3635.79119181,-0.989398120674,
20130117,12746.4268937,62.0306224466,0.0819990151227,1307.63696058,-1.00881422843,
20130122,8473.62044926,4921.17244366,-0.813675828314,15.8514551489,0.398281108799,
20130125,8720.13958202,1647.05779449,-0.84069385024,233.520678256,0.083913884999,
20130129,15387.9040905,3095.98638313,-0.920451538947,4.41645174169,0.634556674595,
20130206,12133.7199871,2672.1050301,-0.930522780715,362.265642238,0.0943001141714,
20130209,21424.0591986,1752.72075252,-0.86531402592,173.086386545,0.0873514274022,
20130212,15461.7148802,2315.21428025,-0.896581155516,351.197689993,0.0321577483003,
