20110824,1127060.7971,42134.2695964,-1.12751914345,4161.46865344,0.0259022574578,
20110828,653275.706721,48119.0233241,-0.990700127908,675.327960204,0.0962947425869,
20110904,1.03397576569e-25,11864.4199185,-1.02195040216,1177.63535156,0.00628011779317,
20110907,1066326.62046,1553.01468861,0.101157669307,23901.3847216,-0.950927710414,
20110911,126534.520763,1960.12854645,-0.0519673112563,6670.98209374,-1.0097487044,
20110915,1079026.05567,34155.8313357,-1.0893555885,905.550715081,0.113274208414,
20110918,11580123.5861,23675.1740231,-5948.79715575,28179.5377493,-0.864108524969,
20110922,833997.858295,2487.98585752,0.0207256603006,26977.3622746,-1.15211890167,
20110925,18548.9792495,3200.89100436,-0.0372109331714,7939.47309003,-1.07076608753,
20110929,602999.919852,21395.9437233,-1.11795448066,2905.69402016,-0.0128566674162,
20111002,70585.6857221,5942.64753731,-0.0520562541348,22401.3348958,-1.15077177271,
20111006,43084.6197322,683.566074303,0.0719335310556,5441.48074563,-0.943999157632,
20111009,12475.1254121,1055.68534893,-0.0545212580948,5295.9424951,-1.08674967338,
20111013,7818.98624658,1523.97018183,-0.0460378366921,7774.72024607,-1.1160883165,
20111016,78608.7420957,14161.1607632,-1.01217980949,1102.87180976,0.0538557512749,
20111020,1562255.46539,66466.1794578,-1.17901296639,8163.08491675,-0.0251817016457,
20111023,219233.463611,1108.22207107,0.173058006545,18910.6938137,-0.931692575841,
20111027,103318.062867,6765.14786196,-1.00897839242,2616.82150865,-0.0169084888815,
20111030,1953.10536858,746.769103285,0.0654567072317,8109.85087623,-0.881300642964,
20111103,116800.633938,14696.5037576,-1.15373449353,1268.39443116,0.0151519638286,
20111106,199867.667685,11108.5501072,-1.03823203799,2184.4649733,-0.00404044927412,
20111110,57663.0250693,8530.06097965,-1.15739009455,2461.10851837,-0.0642271888419,
20111113,34726.3457423,4032.85191507,-0.0656532915839,14456.8508613,-1.21166796651,
20111118,526044.433941,6887.9313332,-0.0593907523753,28888.3370427,-1.14822920235,
20111122,274410.720098,2401.07377632,-0.0406462093781,4803.61291274,-0.951382189612,
20111127,201480.804009,3089.09893776,4.7435592204e-05,14896.3353541,-0.982094277856,
20111201,76283.3393424,16474.967657,-1.13245858123,1756.06559965,-0.0139671340704,
20111204,124129.468256,487.705384309,0.201760508746,25382.0897134,-1.04943707153,
20111208,1155264.32882,1804.19158555,0.0548322093001,56899.1341313,-1.1039907653,
20111211,95462.8934498,888.704584962,0.110406310984,10771.9541348,-0.92075599838,
20111215,618846.390256,30126.5914229,-0.984923997499,408.132882724,0.283720503475,
20111218,0.0,2677.3669477,-0.117615592002,5718.24433524,-2.02156059011,
20111222,0.0,12806.4359356,-0.388835748923,567.459110619,-36.7267125974,
20120111,21802.7028192,14537.6056809,-1.20487439534,2924.05469001,-0.0899639496929,
20120115,76871.9338373,7579.17564832,-1.06395330095,2053.76983696,-0.0329827449528,
20120119,480185.657376,2437.12842956,0.0194887480088,24068.4842684,-1.09106407018,
20120122,158614.538992,6646.38248796,-0.933729419004,1990.35369968,0.0643992996904,
20120126,74398.738151,2952.35252311,-0.0571332762296,10745.8672361,-1.17128043694,
20120129,74210.0973406,2752.6232882,-0.0277438441936,20301.8512814,-1.08409958895,
