# Date: 20121005-20121008
# t_stop = 142226
# Alpha Calibration: 1.66
# Beta Calibration: 1.15
0.139444444444,4355.84,0.139444444444,29768.9
0.381388888889,3650.34,0.381388888889,25623.15
0.721388888889,2720.74,0.721388888889,19648.9
0.953055555556,2343.92,0.953055555556,16270.2
1.58833333333,1603.56,1.58833333333,10929.6
2.89583333333,951.18,2.89583333333,7188.65
3.94638888889,889.76,3.94638888889,6541.2
4.67138888889,816.72,4.67138888889,6128.35
6.875,745.34,6.875,5229.05
21.9594444444,267.26,21.9594444444,1958.45
