# Date: 20121029-20121102
# t_stop = 152000
# Alpha Calibration: 1.66
# Beta Calibration: 1.15
0.866666666667,7982.94,0.866666666667,45537.7
0.916666666667,7604.46,0.916666666667,43677.0
0.966666666667,7221.0,0.966666666667,41817.45
1.01666666667,7084.88,1.01666666667,40469.65
1.06666666667,6845.84,1.06666666667,39313.9
1.13333333333,6570.28,1.13333333333,36300.9
1.36666666667,5481.32,1.36666666667,31720.45
1.58333333333,4921.9,1.58333333333,28244.0
1.8,4468.72,1.8,25325.3
2.11666666667,3841.24,2.11666666667,22152.45
2.33333333333,3686.86,2.33333333333,21235.9
2.58333333333,3359.84,2.58333333333,19460.3
3.66666666667,2800.42,3.66666666667,16545.05
4.65,2558.06,4.65,15188.05
6.16666666667,2275.86,6.16666666667,13391.75
