# Date: 20120506-20120510
# t_stop = 130145
# Alpha Calibration: 1.63
# Beta Calibration: 1.15
0.0897222222222,2151.6,0.0897222222222,15007.5
0.305833333333,1863.09,0.305833333333,12848.95
0.494722222222,1525.68,0.494722222222,11399.95
0.731666666667,1304.0,0.731666666667,9313.85
0.980277777778,1121.44,0.980277777778,7409.45
1.37166666667,847.6,1.37166666667,5894.9
1.94638888889,607.99,1.94638888889,4167.6
2.97472222222,373.27,2.97472222222,3132.6
3.27305555556,402.61,3.27305555556,2717.45
5.00083333333,321.11,5.00083333333,2559.9
