# Date: 20120708-20120711
# t_stop = 153200
# Alpha Calibration: 1.63
# Beta Calibration: 1.15
0.166666666667,1145.89,0.166666666667,8359.35
0.416666666667,927.47,0.416666666667,6902.3
0.683333333333,826.41,0.683333333333,5684.45
0.933333333333,660.15,0.933333333333,4764.45
1.38333333333,466.18,1.38333333333,3901.95
1.81666666667,374.9,1.81666666667,2955.5
2.58333333333,330.89,2.58333333333,2360.95
3.68333333333,226.57,3.68333333333,1996.4
4.73333333333,229.83,4.73333333333,2028.6
5.8,218.42,5.8,1889.45
