# Date: 20121008-20121012
# t_stop = 134056
# Alpha Calibration: 1.66
# Beta Calibration: 1.15
0.206666666667,3012.9,0.206666666667,18385.05
0.520277777778,2413.64,0.520277777778,15619.3
0.951111111111,1784.5,0.951111111111,11674.8
1.40277777778,1427.6,1.40277777778,8895.25
1.92555555556,1105.56,1.92555555556,7326.65
2.56444444444,1007.62,2.56444444444,6239.9
3.46416666667,848.26,3.46416666667,5363.6
4.94083333333,728.74,4.94083333333,4744.9
6.37,715.46,6.37,4347.0
27.2344444444,207.5,27.2344444444,1147.7
