# Date: 20121016-20121019
# t_stop = 143336
# Alpha Calibration: 1.66
# Beta Calibration: 1.15
0.211666666667,592.62,0.211666666667,3811.1
0.509166666667,557.76,0.509166666667,2949.75
0.741111111111,436.58,0.741111111111,2638.1
1.00388888889,361.88,1.00388888889,2440.3
1.46611111111,310.42,1.46611111111,2033.2
2.58305555556,263.94,2.58305555556,1476.6
3.73361111111,214.14,3.73361111111,1443.25
4.65,217.46,4.65,1269.6
5.22361111111,207.5,5.22361111111,1283.4
6.13583333333,175.96,6.13583333333,1137.35
24.3733333333,58.1,24.3733333333,378.35
