# Date: 20121102-20121105
# t_stop = 162010
# Alpha Calibration: 1.66
# Beta Calibration: 1.15
0.226388888889,2466.76,0.226388888889,16495.6
0.513888888889,2005.28,0.513888888889,13344.6
0.750555555556,1618.5,0.750555555556,11498.85
1.02972222222,1206.82,1.02972222222,9288.55
1.51777777778,1004.3,1.51777777778,6702.2
2.05555555556,730.4,2.05555555556,5773.0
2.78472222222,692.22,2.78472222222,4947.3
4.10083333333,599.26,4.10083333333,4111.25
5.79666666667,511.28,5.79666666667,3607.55
23.3305555556,146.08,23.3305555556,1313.3
