# Date: 20120627-20120701
# t_stop = 161610
# Alpha Calibration: 1.63
# Beta Calibration: 1.15
0.180555555556,3137.75,0.180555555556,18414.95
0.530555555556,2531.39,0.530555555556,14555.55
0.780555555556,2211.91,0.780555555556,13940.3
1.01388888889,2074.99,1.01388888889,12708.65
1.28055555556,1825.6,1.28055555556,11644.9
1.73055555556,1652.82,1.73055555556,9664.6
2.34722222222,1507.75,2.34722222222,8902.15
3.21388888889,1255.1,3.21388888889,7718.8
4.64722222222,1268.14,4.64722222222,7475.0
6.08055555556,1111.66,6.08055555556,6699.9
