20110824,1127060.7971,42134.2695964,-1.12751914345,4161.46865344,0.0259022574578,
20110828,653275.706721,48119.0233241,-0.990700127908,675.327960204,0.0962947425869,
20110904,1.03397576569e-25,11864.4199185,-1.02195040216,1177.63535156,0.00628011779317,
20110907,1066326.62046,1553.01468861,0.101157669307,23901.3847216,-0.950927710414,
20110911,126534.520763,1960.12854645,-0.0519673112563,6670.98209374,-1.0097487044,
20110915,1079026.05567,34155.8313357,-1.0893555885,905.550715081,0.113274208414,
20110918,11580123.5861,23675.1740231,-5948.79715575,28179.5377493,-0.864108524969,
20110922,833997.858295,2487.98585752,0.0207256603006,26977.3622746,-1.15211890167,
20110925,18548.9792495,3200.89100436,-0.0372109331714,7939.47309003,-1.07076608753,
20110929,602999.919852,21395.9437233,-1.11795448066,2905.69402016,-0.0128566674162,
20111002,70585.6857221,5942.64753731,-0.0520562541348,22401.3348958,-1.15077177271,
20111006,43084.6197322,683.566074303,0.0719335310556,5441.48074563,-0.943999157632,
20111009,12475.1254121,1055.68534893,-0.0545212580948,5295.9424951,-1.08674967338,
20111013,7818.98624658,1523.97018183,-0.0460378366921,7774.72024607,-1.1160883165,
20111016,78608.7420957,14161.1607632,-1.01217980949,1102.87180976,0.0538557512749,
20111020,1562255.46539,66466.1794578,-1.17901296639,8163.08491675,-0.0251817016457,
20111023,219233.463611,1108.22207107,0.173058006545,18910.6938137,-0.931692575841,
20111027,103318.062867,6765.14786196,-1.00897839242,2616.82150865,-0.0169084888815,
20111030,1953.10536858,746.769103285,0.0654567072317,8109.85087623,-0.881300642964,
20111103,116800.633938,14696.5037576,-1.15373449353,1268.39443116,0.0151519638286,
20111106,199867.667685,11108.5501072,-1.03823203799,2184.4649733,-0.00404044927412,
20111110,57663.0250693,8530.06097965,-1.15739009455,2461.10851837,-0.0642271888419,
20111113,34726.3457423,4032.85191507,-0.0656532915839,14456.8508613,-1.21166796651,
20111118,526044.433941,6887.9313332,-0.0593907523753,28888.3370427,-1.14822920235,
20111122,274410.720098,2401.07377632,-0.0406462093781,4803.61291274,-0.951382189612,
20111127,201480.804009,3089.09893776,4.7435592204e-05,14896.3353541,-0.982094277856,
20111201,76283.3393424,16474.967657,-1.13245858123,1756.06559965,-0.0139671340704,
20111204,124129.468256,487.705384309,0.201760508746,25382.0897134,-1.04943707153,
20111208,1155264.32882,1804.19158555,0.0548322093001,56899.1341313,-1.1039907653,
20111211,95462.8934498,888.704584962,0.110406310984,10771.9541348,-0.92075599838,
20111215,618846.390256,30126.5914229,-0.984923997499,408.132882724,0.283720503475,
20111218,0.0,2677.3669477,-0.117615592002,5718.24433524,-2.02156059011,
20111222,0.0,12806.4359356,-0.388835748923,567.459110619,-36.7267125974,
20120111,21802.7028192,14537.6056809,-1.20487439534,2924.05469001,-0.0899639496929,
20120115,76871.9338373,7579.17564832,-1.06395330095,2053.76983696,-0.0329827449528,
20120119,480185.657376,2437.12842956,0.0194887480088,24068.4842684,-1.09106407018,
20120122,158614.538992,6646.38248796,-0.933729419004,1990.35369968,0.0643992996904,
20120126,74398.738151,2952.35252311,-0.0571332762296,10745.8672361,-1.17128043694,
20120129,74210.0973406,2752.6232882,-0.0277438441936,20301.8512814,-1.08409958895,
20120202,168553.578547,1325.40200217,-0.00647496689419,13872.3929923,-1.05980000669,
20120209,62402.7889527,78.0300495609,0.125194972991,5938.49895176,-1.05448524409,
20120212,3315.20050442,6087.53936718,-1.15314833185,736.474126794,-0.0489837835726,
20120216,192464.662999,8121.77130096,-1.1376644534,292.235153833,0.0752483399458,
20120219,172417.220053,37.7731515972,0.46968981106,6244.58465636,-0.861800895604,
20120223,87317.285422,493.427730532,-741.140846154,1908.69697001,-0.109729919868,
20120302,142291.398067,1096.14234216,0.0155701388055,5466.91634862,-0.910114484507,
20120304,4049.53559173,2671.11081018,-0.0469054951261,8359.9484161,-1.14509592184,
20120308,754120.852068,2514.7787586,-0.00034494682405,8097.937221,-0.772092407223,
20120311,21919.0155662,2743.39618744,-0.0298683976748,14077.3464491,-1.0410617148,
20120315,54026.2285219,4974.74171383,-0.0577161707966,10318.6241308,-1.19124550233,
20120318,102343.578688,889.491200688,0.2003886331,6311.4373021,-0.552107433224,
20120322,0.0,20130.6289045,-1.27401053749,5997.3947042,-0.0425622704845,
20120325,1309861.9446,40405.8162539,-1.04543173302,4989.28926045,0.0243958018668,
20120329,92736.7806955,4819.04014673,-0.00695434281171,23018.9229672,-1.10194549318,
20120401,0.0,3831.92035319,-0.0803898901707,5314.99059178,-0.881525946096,
20120405,63181.6600586,2178.02221674,-0.070826371882,6796.86040622,-1.0960945831,
20120408,10227.3514804,2995.73743697,-0.0209166948673,8782.80466122,-1.08812014691,
20120412,378340.666367,1394.45848941,0.0307204012645,25503.010075,-1.09311520695,
20120415,50.5727885059,2637.87021818,-0.016323654082,13984.8796309,-1.02003819495,
20120419,244742.978061,1572.81779112,0.0221284169971,7563.71678637,-1.06762926021,
20120422,513141.279971,4058.49052442,-0.0538024235414,16672.1391848,-1.18668471001,
20120426,87843.8174787,948.750575614,0.17411571931,18002.1200679,-0.942053898581,
20120429,77810.0236236,1901.54196879,0.0956985505591,13302.2085459,-0.894153667574,
20120503,24374.1565569,3122.61491326,-0.0415927307663,9065.89473269,-1.17970725267,
20120506,474207.664687,15102.0850147,-0.895859444865,1253.49570976,0.134491807068,
20120510,256870.192443,5044.01282248,-0.00851582667327,15443.1199952,-1.04713259791,
20120517,320957.957575,2727.44202035,-0.0204919744244,4729.32832989,-0.909345602382,
20120520,0.0,4324.81992334,-1.54518422342,2011.54814033,-0.0789134398663,
20120524,340009.048962,3230.83099155,-0.057244327202,8796.72327714,-1.13735371313,
20120527,79763.7074881,701.221294762,0.189752267183,7124.50158828,-0.829924292514,
20120531,0.0,1116.20627509,0.000850629111373,7545.49350521,-0.94898259802,
20120603,182257.370738,4036.38366579,-0.0709061400463,7063.83851415,-1.26149746481,
20120607,756048.001194,5603.08840562,-0.0443555030472,10579.3359782,-1.19475430664,
20120623,583760.52152,4837.26701691,-0.053230920959,21203.6606362,-1.24507761781,
20120627,1349643.84228,7699.52227748,-0.0191796194458,12437.7137496,-0.918417545603,
20120701,141735.796803,15303.5606474,-1.04129180353,4515.37454186,-0.0330436808876,
20120704,509953.63742,4745.85187508,-0.0225014195763,9591.19448281,-0.955059559857,
20120708,55673.9151897,1684.31448565,0.0215526503563,7860.610733,-0.992129721715,
20120711,187494.132593,5602.14536785,-0.0660116222537,19972.8148742,-1.20863258175,
20120715,96121.3243219,3305.10401517,0.00300804392993,15673.5704197,-1.01764441777,
20120718,227359.112217,5890.99307939,-0.0770195561228,13910.9117471,-1.27928334288,
20120722,376833.940892,29086.0686117,-1.07600837057,5075.59882738,0.00321786947353,
20120725,205880.723798,3614.01685084,-0.00534794428397,18634.9674209,-1.09167468041,
20120729,285672.680088,4834.22321119,-1.06592538245,841.310357242,0.0219555512361,
20120801,48678.1940593,1330.17595848,-0.0204873597912,5803.91502499,-1.13015725251,
20120808,347198.600931,1672.14538329,0.0607020743509,13048.6167986,-1.01747940495,
20120812,147414.957343,26528.0999233,-1.15050168492,3159.20204778,-0.00376440349689,
20120815,138833.878933,2783.99063673,-0.033781716217,9396.88989489,-1.08977940889,
20120822,132733.133915,2616.03476749,-0.00737751813757,14487.5250681,-1.18410632519,
20120905,251295.820047,10744.2415525,-0.920655658825,2842.24730414,0.0184874438284,
20120920,138155.903284,19299.9693285,-1.04378931055,2123.69440575,0.0419884240063,
20120924,1770292.48069,24370.3834391,-0.815183601033,4743.72137174,0.125673168817,
20120928,556269.358671,6441.81556891,-0.0495399100699,19493.4843653,-1.21243728358,
20121001,1036790.78528,5869.28452999,-0.0305657895355,27913.9505548,-1.16639598769,
20121005,1598484.49052,26678.6911904,-1.09764134708,7493.22755808,-0.0573272078474,
20121008,639841.556752,6026.48615621,-0.057610015943,15843.8206157,-1.0451300435,
20121016,70389.0315827,1717.57387946,-0.0614074355393,2723.20117622,-1.30992023117,
20121019,1388564.73073,5399.01935059,-0.0278868293547,40276.4428798,-1.05370348505,
20121022,14313.6920518,3102.59372862,-0.0302202262618,12155.8198191,-1.08157828794,
20121026,336544.312357,4089.77743588,-0.0356350204393,21648.5808074,-0.905013713004,
20121029,973490.201848,21062.2855803,-0.0732279495897,88436.7359738,-1.42408407083,
20121102,396785.885816,4902.17082916,-0.0552760656126,15354.719849,-1.15648742766,
20121105,6428509.50602,8910.7144863,-0.0540922983934,59027.7838809,-1.20987546854,
20121109,114364.236296,9184.67108762,-0.0505160889143,28582.4229932,-1.14171781172,
20121112,2319896.49802,6991.77956679,-0.0534628619728,52789.0427417,-1.08545291213,
20121116,82043003.2743,80276.6957782,-0.882418838801,1109.7803989,-991.32805215,
20121120,1192074.88554,5213.38838995,-0.0204479159613,37574.9572573,-1.12053343513,
20121124,2227724.28789,56672.9622124,-1.16956077213,10615.1154767,-0.00683503912618,
20121127,8842301.10246,7361.24407605,0.00970767568102,101201.824278,-1.15781420334,
20121130,426146.50595,15018.9616065,-1.16205222609,8709.15502223,-0.0515237009083,
20121204,350810.125091,5711.58933152,-0.0536626304564,23888.0138835,-1.15383369018,
20130117,117484.989412,467.892363018,0.110852726284,9514.26156768,-1.00256925134,
20130122,108503.73266,31303.7452954,-0.963167039085,2324.71221855,0.0323637537416,
20130125,111639.721882,3721.96197942,-0.0459635196979,10411.265733,-1.11738434662,
20130129,135651.909414,25911.3409796,-1.11150641245,662.543969727,0.115039256005,
20130206,582335.406021,17579.4020644,-1.01850784449,3212.88567907,0.0453798196006,
20130209,416761.692319,2785.89311106,-0.0274594714477,14113.1828912,-1.10174511432,
20130212,266705.47214,17091.3249478,-1.12780852268,4150.73453638,-0.0575540781509,
