#   This is the data for the beta data
#   The data was fit to a linear combination of 2 exponential functions in the form:
#       y = a * exp(bx) + c exp(dx)
#   The data follows as: 
#
# Start Date (YYYYMMDD), a , b , c , d 
#
#       NOTE: The b and d values should be negative for this 
#               data set (as we want an exponential decay)
#
#
20110627,135698.419807,10766.2034996,-0.963348045096,1992.74059358,0.0352644053269,
20110630,56887.2976783,12403.1914346,-1.31796735516,2003.5035032,-0.0787558704202,
20110714,763335.634742,6550.70491961,-1.50815184178,5229.7131649,-0.076457721436,
20110731,20722.8210856,3208.37559154,-0.0174152799834,14999.9852717,-1.20127409115,
20110824,1127069.54887,42134.2798333,-1.12751873556,4161.46304316,0.0259025170361,
20110828,4844445.1305,-5356.93509205,-758.91679256,48251.5132389,-0.939981641159,
20110904,2.06795153138e-25,124548.954948,-5.85777879956,2618.82857827,-0.121314059606,
20110907,1066324.07285,23901.3834621,-0.950927875927,1553.0161615,0.101157508541,
20110911,126535.350705,1960.12458998,-0.0519670229501,6670.98179043,-1.00974660511,
20110915,1079033.46235,905.551158587,0.113274136861,34155.8372735,-1.0893557264,
20110918,11580114.0983,23666.3817506,-5950.73717004,28179.5272903,-0.864108033257,
20110922,833993.75995,26977.3567263,-1.15211980525,2487.99238925,0.0207252132309,
20110925,18549.0817705,3200.88843606,-0.0372107938863,7939.47125567,-1.07076483885,
20110929,602998.579385,21395.9428519,-1.11795477078,2905.69615726,-0.0128567914526,
20111002,70584.459603,5942.65043928,-0.0520563235896,22401.3405382,-1.15077228252,
20111006,43084.0724228,683.568368427,0.0719329195102,5441.47999484,-0.944000165863,
20111009,12474.8922321,1055.68587922,-0.0545213162203,5295.9416721,-1.08675002347,
20111013,7818.92261633,1523.97136319,-0.0460379711423,7774.71823254,-1.11608857835,
20111016,78608.7049325,14161.166701,-1.01217972627,1102.87064588,0.0538559460212,
20111020,1562244.38652,66466.1740272,-1.17901324653,8163.09160174,-0.0251818296138,
20111023,219235.741316,1108.21825635,0.173058615978,18910.6929108,-0.931691826031,
20111027,103319.053428,2616.82543716,-0.0169087539163,6765.14514854,-1.00897962783,
20111030,1953.11688348,746.769815573,0.0654565389641,8109.85015888,-0.881300710206,
20111103,116800.925398,1268.39390478,0.0151520551492,14696.5100996,-1.15373466748,
20111106,199867.265511,11108.5497325,-1.03823345776,2184.47092713,-0.0040409545959,
20111110,57663.2253461,2461.11596103,-0.0642277780072,8530.05677974,-1.15739215366,
20111113,34727.8620512,4032.83788334,-0.0656526827155,14456.8541708,-1.21166494273,
20111118,526044.269181,28888.3348768,-1.14823018762,6887.93680242,-0.0593908826199,
20111122,274408.951166,2401.07573991,-0.0406463499838,4803.61290264,-0.951383006434,
20111127,201481.187536,14896.3422496,-0.982093321529,3089.09334639,4.7749140411e-05,
20111201,76283.771208,16474.961865,-1.13245826527,1756.06478482,-0.0139670541598,
20111204,124136.078058,487.700344258,0.201762457849,25382.0866208,-1.04943620345,
20111208,1155257.86748,56899.1393869,-1.10399105219,1804.19380274,0.0548320333611,
20111211,95463.2906218,888.701455611,0.110406937502,10771.9519306,-0.920754916363,
20111215,618839.705186,408.137113732,0.283718535931,30126.5944646,-0.98492476381,
20111218,5.16987882846e-26,2677.36730965,-0.117615618161,5718.2479395,-2.02156253731,
20120111,21802.0341086,2924.05185289,-0.0899637798623,14537.6114002,-1.20487416188,
20120115,76871.8233228,2053.76952022,-0.032982722622,7579.17558438,-1.06395303823,
20120119,480187.389988,24068.4765124,-1.09106366104,2437.12711731,0.019488832636,
20120122,158615.092282,6646.38212377,-0.933729196526,1990.35315145,0.0643993521221,
20120126,74397.7943647,2952.35433182,-0.0571333608184,10745.8652025,-1.17128094243,
20120129,74209.6500006,2752.61703705,-0.0277434781741,20301.850053,-1.08409863764,
