# Date: 20121105-20121109
# t_stop = 164348
# Alpha Calibration: 1.66
# Beta Calibration: 1.15
0.250277777778,9078.54,0.250277777778,53797.0
0.310833333333,8042.7,0.310833333333,48132.1
0.375277777778,7765.48,0.375277777778,45134.05
0.681944444444,6183.5,0.681944444444,35698.3
0.995277777778,4345.88,0.995277777778,25981.95
1.49083333333,2994.64,1.49083333333,17647.9
2.32472222222,1842.6,2.32472222222,11560.95
3.08638888889,1352.9,3.08638888889,8577.85
5.88277777778,1090.62,5.88277777778,6852.85
49.22,44.82,49.22,451.95
