# Date: 20120623-20120627
# t_stop = 153344
# Alpha Calibration: 1.63
# Beta Calibration: 1.15
0.704444444444,1770.18,0.704444444444,13330.8
1.00444444444,1489.82,1.00444444444,11003.2
1.32111111111,1126.33,1.32111111111,8580.15
1.70444444444,999.19,1.70444444444,6601.0
2.50444444444,612.88,2.50444444444,5434.9
3.15444444444,562.35,3.15444444444,4462.0
4.12111111111,485.74,4.12111111111,4084.8
5.10444444444,489.0,5.10444444444,3708.75
6.13777777778,438.47,6.13777777778,3539.7
7.32111111111,370.01,7.32111111111,3138.35
