# Date: 20121124-20121127
# t_stop = 142641
# Alpha Calibration: 1.66
# Beta Calibration: 1.15
0.159444444444,8925.82,0.159444444444,57364.3
0.412222222222,7156.26,0.412222222222,46121.9
0.651388888889,5770.16,0.651388888889,36521.7
0.934722222222,4998.26,0.934722222222,30304.8
1.49666666667,3152.34,1.49666666667,19742.05
1.94361111111,2526.52,1.94361111111,15847.0
2.92305555556,1880.78,2.92305555556,12906.45
3.78194444444,1704.82,3.78194444444,11061.85
5.48277777778,1401.04,5.48277777778,10174.05
