# Date: 20121001-20121005
# t_stop = 141136
# Alpha Calibration: 1.66
# Beta Calibration: 1.15
0.163333333333,5315.32,0.163333333333,29213.45
0.426666666667,4452.12,0.426666666667,21942.0
0.688611111111,3540.78,0.688611111111,18707.05
0.948333333333,2833.62,0.948333333333,15130.55
1.45222222222,2041.8,1.45222222222,10638.65
2.06027777778,1472.42,2.06027777778,8081.05
2.86222222222,1203.5,2.86222222222,6280.15
3.75305555556,1052.44,3.75305555556,5548.75
4.54694444444,956.16,4.54694444444,5284.25
5.35666666667,899.72,5.35666666667,5051.95
