# Date: 20121019-20121022
# t_stop = 151530
# Alpha Calibration: 1.66
# Beta Calibration: 1.15
0.158611111111,5982.64,0.158611111111,39036.75
0.459444444444,4794.08,0.459444444444,30711.9
0.658333333333,3949.14,0.658333333333,25440.3
0.929722222222,3139.06,0.929722222222,20758.65
1.50277777778,1922.28,1.50277777778,13146.8
1.91111111111,1480.72,1.91111111111,9910.7
2.76444444444,942.88,2.76444444444,7052.95
3.59916666667,846.6,3.59916666667,5777.6
4.24888888889,818.38,4.24888888889,5521.15
5.07027777778,755.3,5.07027777778,5318.75
9.89166666667,517.92,9.89166666667,3884.7
