# Date: 20130125-20130129
# t_stop = 142400
# Alpha Calibration: 1.66
# Beta Calibration: 1.15
0.141944444444,1681.58,0.141944444444,12583.3
0.492777777778,1324.68,0.492777777778,9692.2
0.751111111111,1186.9,0.751111111111,7890.15
1.0225,957.82,1.0225,7088.6
1.53222222222,667.32,1.53222222222,5323.35
2.00833333333,557.76,2.00833333333,4420.6
2.77388888889,463.14,2.77388888889,3743.25
3.50027777778,429.94,3.50027777778,3471.85
4.36222222222,385.12,4.36222222222,3053.25
5.23583333333,368.52,5.23583333333,2972.75
